[  841.284864] [Project1] 2379 1587224335.716936 1587224337.532455
[  844.877926] [Project1] 2382 1587224339.315367 1587224341.125464
[  848.452438] [Project1] 2384 1587224342.903590 1587224344.699983
[  852.058719] [Project1] 2386 1587224346.489040 1587224348.306241
[  855.642542] [Project1] 2388 1587224350.085636 1587224351.890042
[  859.241890] [Project1] 2392 1587224353.678005 1587224355.489364
[  862.834013] [Project1] 2394 1587224357.273080 1587224359.081462
[  866.433368] [Project1] 2396 1587224360.864458 1587224362.680732
[  870.013238] [Project1] 2398 1587224364.456632 1587224366.260643
[  873.604923] [Project1] 2400 1587224368.041698 1587224369.852293
